
Processor name: hiuluzinsan
Number of processes: 4

0: INITIAL RANDOM MATRIX
Number of rows: 14
Number of columns: 4
  -63.1438   -98.0621   -33.7171    4.95789 
  -41.5647   -40.3594   -74.9707   -12.1545 
   -28.877    91.7278   -38.6854   -99.5292 
   94.4052    79.9639    37.7861   -46.8429 
  -25.1646   0.640778    23.6499    36.8318 
    70.406    41.2979   -23.9929   -5.13341 
  -83.8995    10.5736    28.2599    70.0548 
   34.4292   -95.4745    37.1197    12.5673 
   36.9988    66.8095     37.446    11.1186 
   20.2488   -64.3981   -48.2918    69.2769 
  -9.18839   -57.5042   -43.6436    27.7128 
  -54.6229    70.2159   -29.5927    91.1569 
  -56.2071   -90.1534   -26.5533   -90.0197 
   79.6551    21.1473    83.7059    87.9565 

0: 	--------------------------------
Number of rows: 14
Number of columns: 4
   4.95789   -33.7171   -98.0621   -63.1438 
  -12.1545   -74.9707   -40.3594   -41.5647 
  -99.5292   -38.6854    91.7278    -28.877 
  -46.8429    37.7861    79.9639    94.4052 
   36.8318    23.6499   0.640778   -25.1646 
  -5.13341   -23.9929    41.2979     70.406 
   70.0548    28.2599    10.5736   -83.8995 
   12.5673    37.1197   -95.4745    34.4292 
   11.1186     37.446    66.8095    36.9988 
   69.2769   -48.2918   -64.3981    20.2488 
   27.7128   -43.6436   -57.5042   -9.18839 
   91.1569   -29.5927    70.2159   -54.6229 
  -90.0197   -26.5533   -90.1534   -56.2071 
   87.9565    83.7059    21.1473    79.6551 

0: Time of calculation: 6.951442e-310
0: 	--------------------------------