
Processor name: hiuluzinsan
Number of processes: 3

0: INITIAL RANDOM MATRIX
Number of rows: 14
Number of columns: 4
  -60.9771    57.5071   -11.6683    -64.304 
   16.1559    44.6714     56.393    56.8835 
  -82.5787   -98.9887    7.30025    33.3723 
   74.6072    50.6689    37.5173   -76.9616 
  -34.5875    63.1324    17.0867    15.7763 
   39.1534    23.9176    7.15872    4.83141 
     44.19   -13.3808    58.0188    27.4234 
   95.7531    24.2417    45.2802   -65.9254 
  -84.0306   -99.9513   -45.1369   -23.9364 
   97.9462    62.7038   -95.9408   -25.4794 
  -25.6484    32.7163    25.9132    34.1464 
   61.4176   -72.0078   -8.62244    40.2526 
   68.0176    35.2889   -16.1903    10.6565 
   34.9685    12.7704    94.1769   -4.46064 

0: 	--------------------------------
Number of rows: 14
Number of columns: 4
   -64.304   -11.6683    57.5071   -60.9771 
   56.8835     56.393    44.6714    16.1559 
   33.3723    7.30025   -98.9887   -82.5787 
  -76.9616    37.5173    50.6689    74.6072 
   15.7763    17.0867    63.1324   -34.5875 
   4.83141    7.15872    23.9176    39.1534 
   27.4234    58.0188   -13.3808      44.19 
  -65.9254    45.2802    24.2417    95.7531 
  -23.9364   -45.1369   -99.9513   -84.0306 
  -25.4794   -95.9408    62.7038    97.9462 
   34.1464    25.9132    32.7163   -25.6484 
   40.2526   -8.62244   -72.0078    61.4176 
   10.6565   -16.1903    35.2889    68.0176 
  -4.46064    94.1769    12.7704    34.9685 

0: Time of calculation: 6.905663e-310
0: 	--------------------------------